,0,1,2,3,4,5
0,0.0,0.12,0.13,0.14,0.15,0.16
1,0.12,0.0,0.23,0.24,0.25,0.26
2,0.13,0.23,0.0,0.34,0.35,0.36
3,0.14,0.24,0.34,0.0,0.45,0.46
4,0.15,0.25,0.35,0.45,0.0,0.56
5,0.16,0.26,0.36,0.46,0.56,0.0
