,0,1,2,3,4,5
0,0.0,0.19,0.63,0.74,0.35,0.56
1,0.19,0.0,0.43,0.84,0.25,0.26
2,0.63,0.43,0.0,0.64,0.35,0.36
3,0.74,0.84,0.64,0.0,0.45,0.86
4,0.35,0.25,0.35,0.45,0.0,0.56
5,0.56,0.26,0.36,0.86,0.56,0.0
